# Created by Octave 6.4.0, Tue Dec 21 13:11:35 2021 GMT <unknown@LAPTOP-AKB7TAJ0>
# name: X
# type: matrix
# rows: 70
# columns: 3
 463.50329947471619 10.485551714897156 86.056722164154053
 504.29627132415771 184.93853902816772 190.97490406036377
 508.76981449127197 68.240786552429199 101.78272819519043
 532.84206819534302 67.28764271736145 98.285032272338867
 539.69375324249268 169.40978860855103 1.4314581863582134
 448.50182366371155 195.38300132751465 174.7397313117981
 449.8864574432373 105.305100440979 160.00321006774902
 419.73779034614563 160.72896814346313 15.572654664516449
 401.64389368891716 42.314542293548584 61.459572076797485
 570.66529226303101 76.130808353424072 93.284464836120605
 178.67549753189087 292.96288681030273 180.59737777709961
 234.74536037445068 293.69766902923584 91.132793784141541
 185.25930738449097 161.11949872970581 96.485880970954895
 243.98803806304932 247.96848487854004 82.527921557426453
 201.16360282897949 114.83560991287231 234.06988477706909
 213.71966695785522 175.78173470497131 148.82989025115967
 94.527886271476746 179.0849347114563 77.127657294273376
 211.02349853515625 199.41615056991577 66.999627113342285
 82.928297877311707 248.25785350799561 163.37322092056274
 57.77633062005043 301.05775785446167 188.92343139648438
 341.30157661437988 267.72477722167969 227.95190906524658
 355.07629942893982 267.30401611328125 204.90691757202148
 422.15393018722534 246.186448097229 286.51260232925415
 427.79440116882324 233.40479230880737 125.74548816680908
 474.9957127571106 194.63899230957031 124.07932674884796
 456.25939798355103 270.53725814819336 152.88890099525452
 415.09079170227051 209.31657648086548 294.60802173614502
 445.26099395751953 228.62917280197144 171.1159656047821
 314.2478449344635 237.07254028320312 257.31458759307861
 434.90775060653687 135.10329818725586 192.25498533248901
 253.99329280853271 257.81251287460327 331.26930093765259
 304.20070505142212 309.00566673278809 340.84668254852295
 207.10152527689934 260.35888290405273 303.84950733184814
 368.94211387634277 171.85896879434586 336.33769845962524
 389.69660615921021 151.24180961772799 179.45671772956848
 253.6955258846283 298.33967781066895 195.83406245708466
 225.09390330314636 202.02272629737854 310.61754322052002
 366.87041139602661 200.63257908821106 239.70485424995422
 301.76517581939697 302.03447437286377 262.47420406341553
 388.40374565124512 261.51980257034302 202.89782381057739
 271.70163488388062 728.33538770675659 249.67182672023773
 241.10645747184753 707.6598596572876 399.04235696792603
 294.79370808601379 592.23079800605774 220.58521455526352
 376.59332847595215 674.71066236495972 262.37341856956482
 204.55084575712681 726.69560432434082 285.00884866714478
 238.44727075099945 718.66164922714233 224.02144914865494
 241.61125516891479 560.3982013463974 207.7234143614769
 276.05428194999695 695.51029920578003 289.96268606185913
 212.32503747940063 630.87152361869812 354.05321216583252
 287.27455234527588 654.54796075820923 376.89956521987915
 598.63755223527551 285.69751477241516 418.74851083755493
 744.92494869232178 313.17216849327087 292.84922575950623
 662.18983936309814 347.94037437438965 311.50102710723877
 632.91451740264893 407.36298656463623 350.43063855171204
 757.42680835723877 384.25250148773193 445.98882293701172
 715.81736612319946 412.98269128799438 302.9170343875885
 780.50926733016968 296.11488378047943 327.21257305145264
 618.67628055810928 391.6343936920166 308.05366730690002
 776.78069877624512 283.23296701908112 276.531005859375
 724.48999691009521 339.49781155586243 375.59726333618164
 308.2198361158371 757.91804504394531 492.5321946144104
 387.2111508846283 724.27364897727966 419.36225986480713
 397.20756506919861 847.60273408889771 364.05198073387146
 340.06187117099762 782.0914478302002 481.12819290161133
 398.73200154304504 827.24547100067139 315.83244001865387
 335.46420133113861 724.13022828102112 345.62458193302155
 444.00785064697266 858.77161931991577 396.74501514434814
 340.62761461734772 770.18298816680908 313.04275414347649
 481.90431690216064 728.55742287635803 347.57852053642273
 345.69016194343567 735.16059827804565 468.69422292709351


# name: instanceBag
# type: matrix
# rows: 70
# columns: 1
 1
 1
 1
 1
 1
 1
 1
 1
 1
 1
 2
 2
 2
 2
 2
 2
 2
 2
 2
 2
 3
 3
 3
 3
 3
 3
 3
 3
 3
 3
 4
 4
 4
 4
 4
 4
 4
 4
 4
 4
 5
 5
 5
 5
 5
 5
 5
 5
 5
 5
 6
 6
 6
 6
 6
 6
 6
 6
 6
 6
 7
 7
 7
 7
 7
 7
 7
 7
 7
 7


# name: y
# type: matrix
# rows: 7
# columns: 1
 1
 1
 1
 1
 -1
 -1
 -1


# name: a
# type: matrix
# rows: 1
# columns: 7
 1 51 101 151 201 251 301


# name: b
# type: matrix
# rows: 1
# columns: 7
 201 251 301 351 401 451 501


# name: numBags
# type: scalar
7


# name: numPosBags
# type: scalar
4


# name: numPointsPerBag
# type: scalar
10


# name: distBag
# type: scalar
50


# name: distInstanceSameBag
# type: scalar
200


